4.2676
4.2749
4.2025
4.0660
4.0963
4.0969
4.1214
4.1247
4.1228
4.1943
4.3146
4.1994
4.2622
4.2654
4.2636
4.2772
4.2996
4.3495
4.2789
4.2109
4.2143
4.2377
4.2039
4.1403
4.1926
4.1280
4.0062
4.1048
3.9508
3.8796
3.9675
3.7984
3.8112
3.1399
3.3010
3.0754
3.0530
3.0953
3.2970
2.5464
2.6631
3.0077
2.8900
2.6016
2.4893
2.5851
2.6539
2.6122
2.5199
2.6052
2.5371
2.4083
2.2793
2.0920
2.2381
2.2131
1.8892
1.6921
1.6599
1.7032
1.6284
1.6697
1.6673
1.6923
1.6878
1.7261
1.7262
1.8195
1.8690
1.8608
1.8785
2.0577
2.0480
2.0861
2.1968
2.5444
2.1251
5.0358
2.1673
2.2888
2.3152
2.3578
2.3810
3.2487
3.8882
4.2582
3.9774
3.9067
4.1511
4.6811
4.8779
4.0358
4.1744
4.1564
4.8296
4.7201
3.9762
4.0005
4.1884
4.4632
4.5373
4.4031
4.8436
4.8516
6.2418
6.1105
5.2762
5.0804
4.7655
4.7974
4.8462
4.7102
5.3066
5.8576
6.7969
7.1341
7.0370
7.2874
7.4884
7.2612
7.3665
7.4226
7.4777
7.4966
7.7093
7.6701
7.8840
7.8407
7.8772
7.8094
7.7580
7.7724
7.7513
7.7581
7.6357
7.6469
7.6944
7.7005
7.6127
7.6858
7.6054
7.4094
7.2534
7.1413
7.0699
6.6950
6.3450
5.7326
5.4970
4.5774
3.6884
2.9931
2.5056
1.9187
1.9433
1.9579
2.0037
2.0246
2.0570
2.0225
2.0458
2.0994
2.1288
2.1741
2.2881
2.3277
2.2686
3.0025
2.9716
3.3856
3.4947
3.0912
3.0847
3.1256
3.2416
3.4803
3.4540
3.3123
3.0645
3.3047
3.4942
3.2903
3.2712
3.3235
3.6020
3.5961
2.9227
2.8329
2.6287
2.5456
2.4321
2.4763
2.3994
2.3959
2.2600
2.2420
2.3073
2.3270
3.0060
3.3052
3.5065
4.1044
3.4434
3.2416
3.5191
3.4704
3.2808
3.1510
3.1602
3.7233
