2.7501
2.7701
3.3039
3.7573
2.6015
2.2870
2.4588
2.3768
3.0397
3.0083
2.3207
2.3410
2.2948
2.5005
2.5765
2.9217
2.8685
2.7024
2.1519
2.1161
2.1093
1.8751
1.7398
1.8554
1.8715
1.7392
1.7108
1.6606
1.6536
1.6154
1.6192
1.5798
1.5832
1.5631
1.5843
1.5918
1.6389
1.6261
1.6208
1.6807
2.0526
1.7081
4.8528
4.9060
6.3312
4.1469
4.9297
5.9700
4.6634
3.9996
6.3492
5.2029
5.9820
5.8242
7.2605
6.9874
7.0331
7.1552
6.0246
5.8055
6.1881
6.4986
6.9045
6.7322
6.3623
4.8268
4.3012
4.4029
4.0858
4.5200
4.8307
4.9528
5.3872
5.1203
5.1551
4.9546
5.8898
6.1659
5.0037
5.0036
5.1028
5.2541
5.0898
4.8205
4.5015
4.0274
4.0731
3.8632
3.6871
3.1720
3.0559
3.1212
2.8808
2.4756
2.1874
1.7472
1.6835
1.6507
1.6487
1.6452
1.6681
1.6687
1.7297
1.7164
1.6886
1.6443
1.6354
1.6371
1.6521
1.6481
1.6467
1.6659
1.6609
1.6256
1.6270
1.6258
1.6346
1.6350
1.6269
1.6212
1.6300
1.6511
1.6496
1.6443
1.6282
1.6210
1.6200
1.6177
1.6487
1.6314
1.6263
1.6349
1.6279
1.6258
1.6256
1.6369
1.6296
1.6526
1.6507
1.6522
1.6247
1.6219
1.6181
1.6133
1.6093
1.5958
1.5948
1.5996
1.6134
1.6183
1.5835
1.5730
1.5779
1.5826
1.5930
1.5888
1.5951
1.5797
1.5927
1.5955
1.5990
1.6316
1.6367
1.6261
1.5949
1.5970
1.6061
1.6052
1.6099
1.6572
1.6648
1.7227
1.7126
1.7472
1.7656
