4.5383
4.5541
4.7071
4.5946
4.3112
4.6566
4.3272
4.4538
4.4475
4.6291
4.2518
4.2762
4.2161
4.2337
4.2791
4.3067
4.5253
4.2958
4.2314
4.4074
4.3252
4.3153
4.3138
4.3456
4.3843
4.3065
4.3633
4.3039
4.2051
4.0915
4.3574
4.0483
4.1758
3.5992
3.8283
3.6416
3.5584
3.7981
3.7966
3.0485
3.1334
3.4397
3.3908
3.2125
3.0960
3.2705
3.1805
2.9807
2.7717
2.7869
2.8291
2.6828
2.4372
2.1429
1.9022
1.9064
1.6836
1.6017
1.5964
1.6236
1.6426
1.7334
1.7220
1.8152
1.7749
1.8199
1.8255
1.9175
1.9171
1.9388
1.8720
2.0200
1.9288
2.0100
1.9938
2.6480
1.9377
4.9090
4.9558
4.7885
5.0932
5.4055
5.7185
5.9804
6.4740
6.8047
7.0309
7.0141
7.2635
7.3908
7.5063
7.3881
7.5192
7.5004
7.4887
7.1958
7.1252
7.1993
7.2283
7.2870
7.4570
7.3991
7.4083
7.2829
7.3331
7.2200
7.1520
6.9698
6.8234
6.5332
6.3617
6.2062
5.3344
4.8809
4.0944
3.7039
3.2925
3.0144
2.9161
2.8311
2.7322
2.0373
2.0070
1.9530
1.9659
2.0367
2.0681
2.0536
2.0742
2.0563
2.5170
2.5235
2.7056
2.5944
2.7241
2.7387
2.8626
2.7676
2.8208
2.8709
2.8999
2.8256
2.6646
2.7142
2.8660
3.2637
3.2421
3.2465
3.1778
3.3073
3.2065
3.4834
3.4666
3.5669
3.5511
3.5337
3.7198
3.6024
3.3685
3.0623
2.8607
2.8070
2.8304
2.2916
2.2652
2.3405
2.2442
2.1138
2.0587
2.0077
1.9662
1.9663
1.9627
1.9669
2.4188
2.8210
2.8045
2.8403
2.8826
2.9494
2.9261
2.8988
2.8760
2.8889
2.7235
2.5792
2.4525
2.3699
2.2552
2.1666
2.1179
2.0900
2.0435
2.0123
2.0090
1.9388
1.8334
1.8161
1.8289
1.8159
1.8176
1.8108
1.8248
1.7551
1.7083
1.7000
1.7344
1.7263
1.7353
1.7534
1.7882
1.7997
1.7850
1.7799
1.7624
1.8096
1.8125
1.8397
1.8510
1.8341
1.8291
1.8796
1.8781
1.8791
3.7489
6.9635
7.1959
7.3218
7.3259
7.3867
7.3579
7.4084
7.1730
7.0871
6.4263
6.1895
5.7235
5.5386
5.0906
4.9478
4.8787
4.7100
4.6084
4.5188
4.5543
4.4456
4.5913
5.0573
5.1078
5.1564
5.1788
4.8344
4.6930
3.5850
2.8213
2.7072
2.5803
2.4645
2.3922
2.3788
2.4244
2.3588
2.4911
2.6053
3.0715
2.8776
3.3996
3.6215
4.0718
3.9619
4.1419
4.1043
4.3008
4.5431
4.6011
4.4402
4.2995
4.3249
4.2996
4.3019
4.1949
4.2175
4.3949
4.4328
4.4680
4.7266
5.0643
5.3052
5.6307
5.8633
6.3204
6.6457
7.1165
7.4022
7.7180
7.8561
7.9808
8.0270
8.0802
8.0800
8.0897
8.0834
7.9611
7.8967
7.8557
7.7863
7.7349
7.6181
7.5553
7.4139
7.3786
