3.9225
4.0081
3.7918
3.7687
3.7281
3.7528
3.7339
3.7448
3.7562
4.7330
4.3977
4.3714
4.3238
4.3751
4.3712
4.4025
4.4129
4.4348
4.4469
4.4430
4.4333
4.4595
4.4650
4.4633
4.4599
4.4662
4.4666
4.4738
4.4787
4.3724
4.5464
4.2213
4.3266
3.8736
4.0349
3.8550
3.8749
4.2434
4.1268
3.3475
3.4252
3.5716
3.4322
3.0007
2.8119
2.8860
2.7961
2.6456
2.2068
2.2361
2.2303
2.2330
2.1126
1.8674
1.8345
1.8702
1.7896
1.7121
1.7007
1.7653
1.7928
1.8159
1.8184
1.8807
1.8384
1.8293
1.8416
1.9347
1.8851
2.0398
2.2096
2.3356
2.3072
2.3876
2.3984
4.4155
3.1550
5.3952
3.8375
3.7075
3.4740
3.0563
3.4884
3.9759
4.2526
4.7760
4.8928
4.9657
5.0273
5.0471
5.1068
5.1185
5.2602
5.3575
5.2998
5.3492
5.4198
5.4995
5.5103
5.4245
5.3314
5.2948
5.2565
5.2317
5.4712
5.5609
5.5921
5.7544
6.5471
6.5827
6.6166
6.6445
6.5959
6.5372
6.3468
6.3201
6.2617
5.9989
5.7867
5.2824
5.1848
5.2527
5.2504
5.1286
4.6815
4.1696
4.1310
3.9917
3.7662
3.6325
3.7058
3.3508
3.1344
2.9435
2.9977
2.8153
2.6809
2.6166
2.6460
2.5673
2.4601
2.2846
2.2221
2.1353
2.1235
2.1153
2.0854
2.4959
2.1933
2.2223
3.1135
2.5513
3.0268
2.9448
2.9590
2.3798
2.7539
2.4228
2.7512
1.8694
2.1890
1.8057
1.7730
1.7675
1.7758
1.7607
1.7650
1.7835
1.8132
1.8118
1.8128
1.8076
1.8404
1.8461
1.8533
1.8424
1.8545
1.8398
1.8205
1.8180
1.8272
1.8369
1.8583
1.9066
2.2459
2.3539
2.6634
2.7402
2.8146
2.6718
2.5962
2.6304
2.7924
2.5926
2.5912
2.5941
2.1933
1.9602
1.7928
1.7431
1.8513
1.7991
1.8339
6.0315
7.6319
7.9571
7.9648
7.9758
7.7464
6.9210
1.7867
1.7665
1.7515
1.7642
1.7678
1.7717
1.7597
1.7384
1.7440
1.7527
1.7564
1.7699
1.7484
1.8178
1.8419
1.8336
1.8527
1.8819
1.8748
1.8826
1.9218
1.9180
1.9427
1.9835
2.1544
2.2434
2.3931
2.6128
2.8329
3.0150
3.2902
3.4318
3.6064
3.6356
3.6751
3.7383
3.7614
3.7613
3.8778
3.8867
3.9359
3.9753
4.0856
3.9558
3.9925
4.0898
4.3827
4.3175
4.5961
4.7734
4.8437
4.8259
4.8123
