4.3560
4.2935
4.2479
4.2554
5.0009
3.9100
4.1203
3.7714
4.0864
4.2981
4.3190
4.3431
4.7615
4.8101
4.8869
4.5488
4.7466
4.8219
4.9036
4.9492
5.0066
4.8471
4.8467
4.8736
4.9443
4.9395
4.9422
4.8752
4.8486
4.7167
4.9637
4.6277
4.6421
4.1911
4.3723
4.2892
4.2575
4.1290
4.3774
3.4594
3.6951
3.9777
3.8501
3.7504
3.5540
3.8427
3.6991
3.6011
3.0924
2.9876
2.7650
2.6425
2.2705
2.1465
2.0833
2.0683
1.8865
1.5859
1.9001
1.8910
1.8582
1.8544
1.8618
1.8804
1.9329
2.0165
2.0258
2.1601
2.2160
2.2768
2.3088
2.4916
2.6765
2.6933
2.7136
4.9699
4.7500
5.7501
5.0237
5.1787
5.0179
5.0012
5.3889
5.5025
5.6380
5.7034
5.7040
5.6199
5.5249
5.4722
5.5264
5.5095
5.4808
5.8013
5.9939
6.0577
6.0999
6.0192
6.1036
6.1655
6.2239
6.1598
6.1988
6.1169
5.7711
4.8613
4.5230
3.8275
3.8511
4.2900
4.4452
4.0730
4.0606
4.0793
4.1890
3.8520
3.9753
3.9153
3.9113
3.8032
4.2046
4.0239
3.9160
4.0417
4.0348
4.0704
4.1727
4.1329
4.0964
4.0401
3.9556
3.9672
3.9576
3.9657
4.1010
4.2495
4.4997
4.8683
4.8999
4.7215
4.8730
4.8466
4.9047
4.9871
5.0437
5.0162
5.1773
5.0868
5.1067
5.2398
5.4078
5.4260
5.3346
5.5214
5.5422
5.5837
5.6453
5.4802
5.5867
5.5713
5.8511
5.7951
5.2333
5.0771
5.2091
5.1921
5.1324
5.1372
5.1819
5.1126
4.9902
4.8961
4.8795
4.7626
4.6370
4.4596
4.5376
4.4533
4.6484
4.5610
4.6299
4.5985
4.4539
4.4035
4.3904
4.2615
4.1086
4.2153
4.3249
4.3034
4.0370
3.3777
3.2997
