4.4973
4.4186
4.4731
4.5925
3.1355
3.2664
3.8329
4.1368
3.4737
3.8268
3.9816
4.7148
4.7770
4.6740
4.5498
4.1560
5.1233
4.2789
5.0349
5.0308
5.0679
4.8892
4.8733
4.8483
4.8138
4.7120
4.7324
4.6829
4.2396
4.2985
4.4659
4.2034
4.5332
3.7997
4.0115
4.1268
4.0946
4.2685
3.8309
2.9814
2.8928
3.4489
3.3827
2.8094
2.7654
2.8555
2.7751
2.6789
2.6334
2.7218
2.6622
2.7407
2.6183
2.5964
2.5050
2.4843
2.1569
1.8672
1.8398
2.0409
1.7985
1.7237
1.6459
1.6912
1.6468
1.6516
1.6329
1.6782
1.9057
2.0029
1.9297
2.1949
2.3220
5.0634
3.6638
6.4490
6.4380
6.4582
6.3081
5.2110
5.4469
5.5411
5.7223
5.8460
6.0099
6.0874
6.0445
5.8882
5.7725
6.0987
6.7635
6.7462
7.0255
7.2618
7.2003
6.8039
6.6182
6.5524
6.3755
6.3245
5.2301
5.0539
4.7829
4.4075
4.0772
4.2993
3.6668
3.1969
3.0713
2.5827
2.4495
2.7841
2.7051
2.6313
2.6011
2.6415
2.6964
2.7074
2.7629
2.9110
3.2813
3.2536
3.5688
3.5397
4.4246
4.5124
4.5130
4.7588
4.5070
4.1787
4.0263
4.1282
3.3176
3.3514
3.2876
4.2105
4.2495
4.2475
4.6598
4.6831
4.1051
4.1983
4.2446
4.1208
4.1186
4.1134
3.8617
3.9435
4.0696
4.5178
4.5878
5.8723
6.0393
6.4374
6.1630
6.4531
6.6674
6.5705
5.5037
6.0218
5.1959
5.3772
5.3196
5.1949
5.1689
5.1790
5.0874
5.4860
5.6418
5.8228
5.1274
5.2818
5.4305
6.0387
5.8208
6.0934
6.0152
6.0258
5.9419
6.0959
6.1652
5.8487
5.9015
6.1912
6.5629
6.6909
6.4053
6.3674
6.3689
6.9176
6.7776
6.8637
6.5832
6.5662
6.6616
6.6480
6.8385
6.9302
6.8983
6.7512
6.6808
6.6457
6.9630
6.6580
6.6168
6.4637
6.0918
5.6502
5.5200
5.3141
5.2086
5.0716
4.9387
4.7540
4.5736
4.2786
4.1796
4.2616
4.0442
3.8210
3.6568
3.4398
3.5342
3.8173
3.5818
3.7743
3.8214
3.4953
3.7289
3.3355
3.2053
3.0105
2.7525
2.9302
3.3673
3.6947
3.6608
3.2880
3.1272
3.1135
3.2060
3.0103
2.7066
3.0655
3.3965
3.8911
3.7184
4.0903
4.0774
3.7958
3.7062
4.0802
4.3134
3.7799
4.0224
4.6679
4.7455
4.4717
4.9432
4.8554
5.2744
5.3608
5.7932
7.1314
7.1622
7.2350
7.2374
7.1555
6.9129
6.4691
7.0417
6.9561
7.2813
7.2860
7.3609
7.2784
7.2868
7.2169
7.3104
7.1042
6.8549
6.4774
6.2359
6.0603
5.8771
5.3050
4.6231
3.8837
3.5854
3.6034
3.4308
3.3940
3.3334
3.4541
3.6247
3.5405
3.4895
2.9262
3.2577
3.4461
3.2365
3.2727
3.3325
3.6203
3.4804
3.6985
3.4967
2.6395
2.9519
2.8557
3.0608
3.0365
2.7747
2.7952
2.8479
2.2229
2.1771
2.1897
2.5828
2.5305
2.4723
2.6511
2.5732
2.4904
1.9260
2.0527
2.1576
2.0931
2.3054
2.4869
2.7395
2.7902
3.3527
3.3995
3.7380
3.6007
3.6342
3.3697
3.2783
3.2017
3.1191
2.9671
2.9762
3.0620
3.0414
2.8746
2.8972
3.0086
3.1754
3.3699
3.5780
4.0682
4.4313
3.8585
4.2423
4.1370
4.3072
3.6892
3.6228
3.8195
3.7863
3.3502
3.2791
3.2245
3.3985
3.2832
3.2830
2.4007
2.5028
2.6935
2.6387
2.6268
2.9735
2.7717
2.4756
2.3106
2.1976
1.8923
1.8860
1.8608
2.0695
2.0879
2.1216
1.8310
1.8234
2.3040
2.3439
2.3005
1.8379
1.8678
1.9320
2.1213
2.0982
2.2446
2.2327
2.2334
2.0733
2.2271
2.5286
3.1865
3.8342
5.2015
5.6891
5.7446
4.4952
4.9859
5.2083
6.1962
6.1896
6.2557
6.6686
6.6356
5.6134
5.5802
5.4443
5.8674
5.8758
5.2453
5.2115
5.3229
5.7433
5.9952
6.2387
7.2106
7.4670
7.5151
7.6218
7.5880
7.2719
7.2877
7.3132
7.7651
7.7655
7.6900
6.8352
6.7224
5.4946
4.3827
3.8836
3.9645
3.6364
